4.2.2
ZvP
(3)Tau Cross.scx
6
3
3HatchLingBust
0.648846
Heavy rush
Heavy rush
1
4542
5278
3326
4158
6109
6110
21950
5950
10366
21950
13182
24306
bases:  6 0 4 2520 -3 3360 1 4080 -5 9000 -5 -9480 2 16440 2 -17040 -5 17880 8 18000 -5 -18120 -5 19200 12 20160 -5 -21720
battles: 5188 122 91 65 3 -1 7545 44 169 65 5 -1
enemy ups:  + 34 1 11754
opening timing: 8832 15 1200 0 3 172 3 0 0 3 135 9696 139 6888 142 4080 -1 27 7224 -1
unit timings:  60 8645 64 2711 65 4137 66 16235 69 19984 83 18190 84 13176 85 18512 154 4137 155 11300 156 4273 157 5075 159 20467 160 3792 162 21939 163 10370 164 5934 165 13168 166 20467 167 7228 171 18558
END GAME
