4.2.2
ZvT
(2)Heartbreak Ridge.scx
7
5
AntiFactory
0.777727
Safe expand
Unknown
1
4670
5566
1758
11038
10937
23166
10974
3134
19710
10974
16798
48300
bases:  -5 0 7 0 4 2640 3 11040 -8 11520 1 12480 2 13440 11 15120 10 16200 9 16920 1 -26280 9 -28080 2 -31320 3 -31320 1 33600 -9 36360 -9 -39720 9 40320 -8 -47040 -5 -47760
battles: 11118 197 18 2 1 3 4 124 3 -1 11118 197 18 2 1 3 4 124 3 -1
enemy ups:  3 19692 5 16801 + 1 1 17781 8 1 13518 8 2 31011 54 1 16654
opening timing: 10512 32 1550 1050 539 134 3 0 0 2 132 7848 135 6456 138 11808 139 11256 141 9840 142 4200 -1 27 8904 -1
unit timings:  0 25251 2 11129 3 11037 5 18604 7 1331 9 37142 11 23135 13 19708 30 16764 33 21962 106 3217 107 17868 109 3934 110 3567 111 3463 112 40454 113 10945 114 47216 115 47446 116 42961 120 10968 122 11221 123 47423 124 10945 125 5632
END GAME
4.2.2
ZvT
(4)Circuit Breaker.scx
2
14
AntiFactoryHydra
0.759308
Safe expand
Unknown
1
4606
5438
2782
10014
10208
0
10238
3006
0
10238
14206
16711
bases:  2 0 6 2520 -14 3000 1 10320 -10 10440 -12 10680 -10 -11040 -12 -12360 3 12720 7 13320 15 15120 -14 -16320
battles: 10214 124 39 0 5 34 2 124 1 -1 11397 144 19 0 1 7 9 32 1 -1
enemy ups:  +
opening timing: 10680 31 1775 525 308 369 3 0 0 3 132 9600 135 6360 141 11472 142 4128 -1 26 11592 27 8880 29 8568 30 10104 -1
unit timings:  0 10002 7 2389 32 11313 33 14349 34 10209 106 3102 107 14211 109 3102 110 10324 111 3459 112 14073 122 11175 124 10209 125 5241
END GAME
4.2.2
PvT
(4)Python.scx
5
3
9-9Gate
0.635527
Naked expand
Unknown
1
3326
7646
1534
5246
7412
16158
27006
2782
0
27006
13982
29948
bases:  5 0 -3 2880 7 9240 11 13920 10 16800 12 19920 8 23040 6 25800 1 28920 -3 -29280
battles: 7523 146 16 0 5 7 1 125 1 -1 9054 124 38 0 8 30 1 125 1 -1
enemy ups:  0 15233 5 8226 30 14694 + 0 1 26062 7 1 21848 16 1 12195
gas steal: 2791 0 0
opening timing: 6600 17 1400 0 90 0 3 0 0 1 160 2736 -1 -1
unit timings:  0 5241 5 8093 7 1515 9 19800 30 8231 33 13981 34 10025 106 2849 107 28747 109 15292 110 28701 111 3586 112 29437 113 7426 114 17203 115 21801 116 18411 120 7541 122 17477 124 26999 125 5241
END GAME
4.2.2
TvT
(4)La Mancha1.1.scx
1
9
8RaxAttack
0.417831
Factory
Factory
1
2974
4158
1726
5246
6485
14462
8318
5118
11838
8318
14430
18416
bases:  1 0 -9 4560 5 8400 3 13200 -10 14880 -10 -15720 4 16800 -9 -17520
battles: 8512 146 34 2 2 -1 9913 161 19 2 2 7 7 124 3 -1
enemy ups:  3 11803 + 17 1 8765
gas steal: 0 0 0
opening timing: 4920 15 350 0 14 168 2 0 0 1 111 2616 112 5688 -1 -1
unit timings:  0 5241 2 6506 5 15798 7 1722 13 11819 106 6506 107 14441 109 7030 110 6506 111 6506 112 13027 113 6506 114 15483 120 6506 122 8300 124 8653 125 5435
END GAME
4.2.2
TvT
(2)Heartbreak Ridge.scx
7
5
VultureDrop
-1
Factory
Unknown
1
4158
3326
1758
3710
8707
0
11582
3358
12382
11582
14526
16773
battles: 8711 150 51 0 4 2 2 125 1 -1 9275 146 55 0 4 2 3 125 1 -1
gas steal: 3151 0 0
opening timing: 7608 24 650 0 536 478 1 0 0 1 111 3576 113 5352 114 6408 115 7032 120 8424 -1 -1
unit timings:  0 3700 2 8714 7 1745 13 12371 106 3447 107 14510 109 9105 110 3950 111 3355 112 12854 113 10002 120 12831 122 12532 123 9128 124 12032 125 8484
END GAME
