4.2.2
ZvZ
(4)La Mancha1.1.scx
12
9
ZvZ_OverpoolTurtle
0.622072
Heavy rush
Unknown
1
3454
2942
4446
3678
0
0
0
0
0
0
30
13518
bases:  12 0 -9 3720 -10 8160 -10 -9720 -9 -12360 8 13440
battles: 5920 5 173 37 8 -1
enemy ups:  + 27 1 6413
opening timing: 8160 9 800 500 17 122 1 0 0 1 132 4968 141 7080 142 3000 -1 -1
unit timings:  35 6598 36 6322 37 3698 41 6138 42 6230 131 6276 142 6460 149 6092
END GAME
4.2.2
TvZ
(2)Destination.scx
2
11
11Rax
0.519155
Naked expand
Fast rush
1
3678
5278
3614
2878
0
0
0
0
0
0
30
8930
bases:  2 0 -11 0 3 7800 -11 -8760
battles: 5342 14 172 37 10 -1
opening timing: 6984 21 800 125 205 93 3 0 0 1 111 3288 112 6528 -1 -1 0 7728
unit timings:  35 8300 36 7127 37 2872 41 7127 42 2504 131 7127 142 7127
END GAME
4.2.2
PvZ
(4)Circuit Breaker.scx
14
2
CorsairDT
0.780687
Fast rush
Unknown
1
3390
3166
4158
3710
8764
0
0
0
0
0
30
11317
bases:  14 0 -8 7320 10 7320 -2 7560 -8 -8280 -6 8880 -6 -9840 -2 -10800
enemy ups:  +
opening timing: 5928 19 450 100 170 218 1 0 0 1 160 2760 163 5376 164 3984 165 6936 167 5208 -1 -1
unit timings:  35 8783 36 7265 37 3700 41 3125 42 7518 131 7242 132 8783 142 7564 149 7564
END GAME
