4.2.2
ZvZ
(3)Neo Moon Glaive.scx
9
1
AntiWraith_2Hatch
0.616791
Turtle
Turtle
1
4734
3710
3006
3102
6113
6206
8830
6206
0
8830
30
28646
bases:  9 0 7 2520 -1 3120 -2 13200 5 13680 12 15480 -4 18840 8 19800 -4 -23280 11 23640 -2 -27120 -1 -28320
battles: 8261 -1 -1 43 3 -1 8643 193 13 43 5 146 2 -1
enemy ups:  + 3 1 22583 4 1 20476 26 1 13469 27 1 19251
opening timing: 10296 16 1425 1575 5 45 2 0 0 2 132 5664 135 10440 139 6528 141 7512 142 4056 -1 -1
unit timings:  35 3447 36 3102 37 10577 41 2504 42 2366 43 7840 47 9726 131 3102 132 6115 133 27413 138 27436 139 6522 141 7043 142 3294 143 3056 144 8829 146 3598 149 3056
END GAME
4.2.2
ZvZ
(4)Circuit Breaker.scx
14
3
11Gas10PoolMuta
0.715461
Turtle
Turtle
1
3902
2782
4606
5022
7284
7422
16062
7422
0
16062
30
23500
bases:  14 0 -3 3720 10 10200 -7 17160 -7 -17520 16 18240 -7 19440 -7 -19680 -3 -23160
battles: 6393 211 18 37 11 146 2 -1 9279 182 49 43 5 146 1 -1
enemy ups:  + 4 1 20917 26 1 17634
opening timing: 8832 10 975 675 80 55 1 0 0 1 132 4944 141 6792 142 3432 -1 27 5280 -1
unit timings:  35 7288 36 7472 37 5011 41 3401 42 4229 43 8116 47 11497 131 11383 132 7288 139 12598 141 7440 142 7334 143 7128 144 16051 146 4022 149 22330
END GAME
4.2.2
ZvZ
(2)Benzene.scx
4
9
9PoolSpeed
0.668862
Turtle
Unknown
1
3198
2558
4222
4158
4718
5438
0
5438
0
0
30
17238
bases:  4 0 -9 0 6 4800
battles: 4879 216 9 37 3 41 8 -1 5044 213 12 37 1 41 11 -1
enemy ups:  + 27 1 5286
gas steal: 0 0 0
opening timing: 5832 8 500 0 185 148 1 0 0 2 139 6144 142 2760 -1 27 4512 -1
unit timings:  35 4804 36 4735 37 4137 41 4689 42 2320 43 9795 131 13406 132 6217 139 14180 141 7225 142 4850 143 6143 146 8277 149 4620
END GAME
4.2.2
PvZ
(2)Destination.scx
2
11
10-12Gate
0.716788
Heavy rush
Unknown
1
3518
6622
3646
3390
3344
23390
0
4606
7070
0
30
24740
bases:  2 0 -11 0 3 6600 3 -9960 3 12360 -10 12720 5 16800 -8 17280 -8 -17760 7 19920 4 22800 -10 -23040 -11 -24480
battles: 6025 163 23 37 4 38 2 146 1 -1 13883 86 106 37 3 38 5 103 2 -1
enemy ups:  32 7050 + 3 1 13812 26 1 16115 27 1 6070
opening timing: 5784 21 900 0 336 0 3 0 0 1 160 2904 -1 -1
unit timings:  35 2895 36 3378 37 3861 38 5908 41 2895 42 2274 97 7058 103 7656 131 2895 132 4843 135 4826 138 23342 139 23388 141 23388 142 3340 143 4637 146 4940 149 2872
END GAME
4.2.2
PvZ
(4)Fighting Spirit.scx
1
3
9-9Gate
0.791338
Turtle
Heavy rush
1
3326
0
2174
3070
0
0
0
0
0
0
30
7411
bases:  1 0 -3 2640 -4 2880 -4 -5880 -3 -7200
battles: 6273 175 4 41 9 -1
enemy ups:  +
opening timing: 6576 17 1400 0 82 0 3 0 0 1 160 2736 -1 -1
unit timings:  35 3033 36 3033 37 4620 41 2182 42 2619 131 4160 142 4042 149 6069
END GAME
4.2.2
PvZ
(4)Roadrunner.scx
8
12
CorsairDT
0.739143
Heavy rush
Unknown
1
3390
3134
2750
3614
5575
20158
14302
5598
6686
14302
30
21423
bases:  8 0 -12 2880 7 7560 7 -11520 7 13200 -11 14400 4 18120 -11 -20280 2 21120
battles: 15237 144 50 38 5 144 2 -1
enemy ups:  32 6707 + 3 1 15576 26 1 11901 27 1 10284
opening timing: 5904 19 450 100 154 242 1 0 0 1 160 2784 163 5448 164 4008 165 6912 166 7368 167 5184 -1 -1
unit timings:  35 5586 36 5586 37 3608 38 5586 41 2757 42 2343 43 20298 97 6667 103 7265 131 15124 132 5586 135 6437 138 20030 139 20122 141 20145 142 5563 143 7107 144 14280 146 7440 149 5586
END GAME
