4.2.2
ZvP
(4)Andromeda.scx
2
14
3HatchLurker
0.514034
Heavy rush
Unknown
1
4542
5182
2974
3870
13560
14910
12382
7742
14974
12382
0
19377
bases:  2 0 4 2640 -14 3720 -12 12480 9 14160 -12 -14520 15 15960 1 17040 -14 -17520
battles: 5681 37 198 65 3 -1 6825 47 192 65 5 -1
enemy ups:  + 13 1 11803 34 1 11264
opening timing: 11424 20 1200 750 15 810 3 0 0 2 132 7584 135 7680 139 8496 141 12864 142 4080 -1 27 8736 -1 32 10272
unit timings:  64 2987 65 3861 66 13728 67 13567 68 15407 154 7564 155 14901 156 6989 157 7380 160 16051 162 12871 163 14970 164 7789 165 16097 166 7725
END GAME
4.2.2
ZvP
(3)Neo Moon Glaive.scx
1
9
OverhatchExpoMuta
0.611821
Heavy rush
Heavy rush
1
4350
3870
2942
3774
7140
7166
21118
7166
0
21118
0
22756
bases:  1 0 2 2040 -9 3480 -7 7680 -7 -8040 4 11520 -7 13080 -7 -14040 -7 14640 6 15000 8 17520 12 19080 -7 -21120 -9 -22200
battles: 4802 124 70 65 3 -1 6037 30 164 65 5 -1
enemy ups:  +
opening timing: 7560 11 950 0 213 168 2 0 0 2 132 7416 139 7872 142 3888 -1 27 5832 -1
unit timings:  60 9059 64 2550 65 3769 66 8093 154 3746 156 3654 157 6943 160 3815 162 21134 164 7150 166 9381 167 8259
END GAME
