4.2.2
ZvP
(3)Tau Cross.scx
12
3
3HatchLingBust2
0.627713
Safe expand
Safe expand
1
4926
5118
1918
5886
6554
6558
5886
6558
11678
5886
0
21857
bases:  12 0 11 2520 -3 3240 -5 3600 8 4800 -5 -9600 -3 -12000 6 18480 4 20880
battles: 7267 159 52 65 3 162 2 -1 11359 215 6 64 10 -1
enemy ups:  + 14 1 10970 34 1 12783
gas steal: 3211 0 0
opening timing: 8352 12 1350 0 6 100 4 0 0 3 135 9360 139 7272 142 4296 -1 27 7224 -1
unit timings:  60 8415 64 1538 65 5885 154 3217 156 2964 157 6501 160 4698 162 5862 163 11681 164 11129 166 2941 167 7659
END GAME
4.2.2
PvP
(4)La Mancha1.1.scx
2
12
DTDrop
0.653132
Safe expand
Safe expand
1
3774
3134
3454
7198
6840
10590
3710
6366
6846
3710
12350
21454
bases:  2 0 -8 3960 -12 3960 4 9240 -12 -10560 3 14040 1 17640 -8 -18360
battles: 9825 55 124 65 1 66 4 -1 9825 55 124 65 1 66 4 -1
enemy ups:  + 33 1 9745
gas steal: 0 0 0
opening timing: 9168 21 1300 700 472 88 3 0 0 1 155 6384 159 10080 160 2808 163 4968 164 3936 165 6984 166 7680 -1 -1
unit timings:  61 10531 64 2734 65 9795 66 7196 84 13475 154 5755 155 11842 156 3746 157 5463 159 12836 160 8158 162 4215 163 7808 164 6362 165 9887 166 3700
END GAME
4.2.2
ZvP
(4)Python.scx
5
8
3HatchHydraBust
0.60948
Safe expand
Heavy rush
1
4606
5086
9662
5310
7740
8606
5662
5470
14558
5662
14558
16029
bases:  5 0 7 2520 -8 3000 -6 9720 -6 -11160 11 12600 -8 -14760
battles: 5476 135 29 65 5 -1 5476 135 29 65 5 -1
enemy ups:  + 33 1 11754
opening timing: 10608 21 2350 650 43 124 3 0 0 2 135 6072 139 9408 142 4152 -1 27 10032 29 7632 30 9600 -1
unit timings:  60 8598 64 2964 65 5287 66 7748 154 3079 155 13549 156 3468 157 5379 159 14556 160 3079 162 6464 164 5470 166 5604 167 11267
END GAME
